50.0,0.0007941511675405383
71.75421209117938,0.0014652567292665817
93.50842418235877,0.0021089209684390735
115.26263627353816,0.0027650928208298904
137.01684836471753,0.003366926558422681
158.77106045589693,0.003959785205502566
180.52527254707633,0.004510489486830005
202.2794846382557,0.0050507034070166905
224.0336967294351,0.005575167180863817
245.7879088206145,0.006040250426350881
267.54212091179386,0.006456910629642399
289.29633300297326,0.0068743486737954315
311.05054509415265,0.007280599361981265
332.80475718533205,0.007649799192750422
354.5589692765114,0.008035532127829806
376.3131813676908,0.008329373337122607
398.0673934588702,0.008630479118690108
419.8216055500496,0.008960870322681945
441.575817641229,0.009152215101088698
463.3300297324083,0.009417903502730371
485.0842418235877,0.00961914116047883
506.8384539147671,0.009810867249987485
528.5926660059465,0.010045909408546048
550.3468780971259,0.01017865130777477
572.1010901883053,0.010367450613780662
593.8553022794847,0.010420338391838337
615.6095143706641,0.010558094060702149
637.3637264618434,0.010705108038438566
659.1179385530228,0.010758529484269957
680.8721506442022,0.010847182542631475
702.6263627353816,0.010886506382884135
724.380574826561,0.010937281254615199
746.1347869177404,0.01100232213076517
767.8889990089198,0.010982259678534332
789.6432111000992,0.010999648928732635
811.3974231912786,0.01099872882372322
833.151635282458,0.011078580104149312
854.9058473736374,0.01096613259117698
876.6600594648166,0.011024185755411236
898.414271555996,0.011016273909251348
920.1684836471754,0.010962754318956755
941.9226957383548,0.011001996108612518
963.6769078295342,0.010921110269991829
985.4311199207136,0.010868724127160926
1007.185332011893,0.01080809268547055
1028.9395441030724,0.010792543413407287
1050.6937561942518,0.01072778521227089
1072.4479682854312,0.010692374830555138
1094.2021803766106,0.010663317776333968
1115.95639246779,0.010589449223427817
1137.7106045589694,0.010464414514302555
1159.4648166501488,0.010434744682324767
1181.2190287413282,0.01036740166642274
1202.9732408325076,0.01032231076777143
1224.7274529236868,0.010277851728150636
1246.4816650148662,0.010186833060449159
1268.2358771060456,0.010104575167705469
1289.990089197225,0.010011833472953592
1311.7443012884044,0.009989756545481676
1333.4985133795838,0.009913416153449123
1355.2527254707632,0.009787730247115569
1377.0069375619426,0.00972640611027691
1398.761149653122,0.009638641312058147
1420.5153617443013,0.00955837092263347
1442.2695738354807,0.00947724492438694
1464.0237859266601,0.009401897690649745
1485.7779980178395,0.009345478745202142
1507.532210109019,0.009249981738897056
1529.2864222001983,0.009169948024664589
1551.0406342913777,0.009134593280364759
1572.7948463825571,0.00902991416007932
1594.5490584737365,0.008949280899043732
1616.303270564916,0.008865557746915703
1638.0574826560953,0.008773253542750601
1659.8116947472747,0.0087074035006395
1681.5659068384539,0.008643326915287018
1703.3201189296333,0.008563543110199422
1725.0743310208127,0.00845746689175506
1746.828543111992,0.008427737680510233
1768.5827552031715,0.008329703276751279
1790.3369672943509,0.00827650857661043
1812.0911793855303,0.00815838619036124
1833.8453914767097,0.008094122675474656
1855.599603567889,0.008008494095944691
1877.3538156590685,0.007959479290849433
1899.1080277502479,0.007856223646538138
1920.8622398414273,0.007827276465920059
1942.6164519326067,0.007727359576582029
1964.370664023786,0.007642802638175344
1986.1248761149654,0.007589576684073032
2007.8790882061448,0.0075278332454657895
2029.6333002973242,0.007442755296711696
2051.3875123885036,0.007382358595311731
2073.141724479683,0.007282522972490303
2094.8959365708624,0.007218374002805479
2116.650148662042,0.007187706919362391
2138.404360753221,0.0070970974401033836
2160.1585728444006,0.0070466571432179805
2181.91278493558,0.006976760738857611
2203.6669970267594,0.00696577582864888
2225.421209117939,0.006919717359158537
2247.175421209118,0.006944080420590332
2268.9296333002976,0.006841187283586162
2290.683845391477,0.0067674300759739655
2312.4380574826564,0.006724221674748387
2334.192269573836,0.0066327401205446
2355.946481665015,0.006553878570359464
2377.700693756194,0.006541731718129459
2399.4549058473735,0.006463218455371132
2421.209117938553,0.006392690945066874
2442.9633300297323,0.006355676388598148
2464.7175421209117,0.006303377647835246
2486.471754212091,0.00622347740062234
2508.2259663032705,0.006176470913652957
2529.98017839445,0.00611476425925399
2551.7343904856293,0.006054906720264648
2573.4886025768087,0.005991420387775924
2595.242814667988,0.00596039149042846
2616.9970267591675,0.005891163831431783
2638.751238850347,0.005844529000330137
2660.5054509415263,0.00576033846989298
2682.2596630327057,0.0057159075616462695
2704.013875123885,0.005675974997186827
2725.7680872150645,0.005622348953448727
2747.522299306244,0.005543781813381277
2769.2765113974233,0.0055107228709450635
2791.0307234886027,0.005465478334338541
2812.784935579782,0.00542625480603344
2834.5391476709615,0.00535834667918986
2856.293359762141,0.00530865120265261
2878.0475718533203,0.005252810649387335
2899.8017839444997,0.005194150659072665
2921.555996035679,0.005141647175410328
2943.3102081268585,0.005117579139705805
2965.064420218038,0.0050403304866695
2986.8186323092173,0.004996169099624431
3008.5728444003967,0.0049598034803766166
3030.327056491576,0.004910768562319548
3052.0812685827555,0.0048659044291005146
3073.835480673935,0.004808052343549516
3095.5896927651143,0.0047736933150156384
3117.3439048562936,0.004717750866669943
3139.098116947473,0.004686852564151981
3160.8523290386524,0.004619722752963645
3182.606541129832,0.004575588717732944
3204.3607532210112,0.004533905876105502
3226.1149653121906,0.0044927387613375655
3247.86917740337,0.004469808992046975
3269.6233894945494,0.0043874737014301295
3291.377601585729,0.004349475442161733
3313.1318136769078,0.00430790491799587
3334.886025768087,0.00425455664408796
3356.6402378592666,0.0042207046355832575
3378.394449950446,0.004173957547068848
3400.1486620416254,0.004122385392771641
3421.9028741328048,0.004060081202722182
3443.657086223984,0.0040502126924670265
3465.4112983151635,0.003970174309476222
3487.165510406343,0.003951849490994818
3508.9197224975223,0.003922707381500945
3530.6739345887017,0.003866360739072985
3552.428146679881,0.003836594778554675
3574.1823587710605,0.0038088412455758772
3595.93657086224,0.0037526684777306136
3617.6907829534193,0.003721997974277391
3639.4449950445987,0.0036846741118695962
3661.199207135778,0.0036393793244448975
3682.9534192269575,0.0036045268646502
3704.707631318137,0.003570730945599374
3726.4618434093163,0.003530023022803817
3748.2160555004957,0.0034906368389560375
3769.970267591675,0.0034534889003571445
3791.7244796828545,0.003431384033319792
3813.478691774034,0.003383996530511372
3835.2329038652133,0.0033643462477005843
3856.9871159563927,0.0033357400206553865
3878.741328047572,0.003300221875763204
3900.4955401387515,0.0032564091234955415
3922.249752229931,0.0032265343435581156
3944.0039643211103,0.003200747218379171
3965.7581764122897,0.003166157645210516
3987.512388503469,0.003121176876918705
4009.2666005946485,0.003090512574530154
4031.020812685828,0.0030665503207201734
4052.7750247770073,0.003036566685587524
4074.5292368681867,0.002994194354755549
4096.283448959366,0.0029508114234347476
4118.0376610505455,0.0029474741394071636
4139.791873141725,0.002902502171061548
4161.546085232904,0.0028785102885994693
4183.300297324084,0.00284044934805129
4205.054509415263,0.0028029278112332826
4226.808721506442,0.002767964920303182
4248.562933597622,0.002732592420881131
4270.317145688801,0.0027180322494282515
4292.071357779981,0.002660983741979646
4313.82556987116,0.002643405515097712
4335.579781962339,0.0026186214785909783
4357.333994053519,0.0025809435272057
4379.088206144698,0.002561818635928781
4400.842418235878,0.0025202578568749665
4422.596630327057,0.0024939590749477026
4444.350842418236,0.002476510718180925
4466.105054509416,0.0024752670695836034
4487.859266600595,0.002437610541421455
4509.613478691775,0.0024129588090848132
4531.367690782954,0.0023828359497525212
4553.121902874133,0.0023408936902836915
4574.876114965313,0.002319802204997012
4596.630327056492,0.0023070458326060624
4618.384539147672,0.002275341676874267
4640.138751238851,0.002232433230300293
4661.89296333003,0.002220381897163864
4683.64717542121,0.0021813500277708757
4705.401387512388,0.002178287607616818
4727.155599603568,0.0021322484308431322
4748.909811694747,0.0021137724444589587
4770.6640237859265,0.002089593650178905
4792.418235877106,0.002044465034771933
4814.172447968285,0.0020219239287720494
4835.926660059465,0.0019919845426119654
4857.680872150644,0.001975147061836409
4879.4350842418235,0.0019296601890825234
4901.189296333003,0.0019382097635036824
4922.943508424182,0.0019017667880129256
4944.697720515362,0.001885617232449099
4966.451932606541,0.001851761586997905
4988.20614469772,0.001844612490876607
5009.9603567889,0.001798181042629746
5031.714568880079,0.0017925797033889457
5053.468780971259,0.0017548149885688803
5075.222993062438,0.0017689525479786053
5096.977205153617,0.001725223056543414
5118.731417244797,0.0017094602150892542
5140.485629335976,0.00168788285552197
5162.239841427156,0.001675798014721643
5183.994053518335,0.001659177247040834
5205.748265609514,0.0016227429904470392
5227.502477700694,0.0015927776937495076
5249.256689791873,0.001579741882737177
5271.010901883053,0.0015765335710640608
5292.765113974232,0.0015583415721532297
5314.519326065411,0.0015338369556233804
5336.273538156591,0.00152575765386676
5358.02775024777,0.0015030144667999706
5379.78196233895,0.0014946231437432647
5401.536174430129,0.0014766929575290863
5423.290386521308,0.001462018972698029
5445.044598612488,0.0014473099725739473
5466.798810703667,0.001426827766251414
5488.553022794847,0.0014366498915424732
5510.307234886026,0.0014317482526942367
5532.061446977205,0.0014257052860493292
5553.815659068385,0.001405853364498588
5575.569871159564,0.0013923546189548838
5597.324083250744,0.0013991440935847174
5619.078295341923,0.0014080154272343751
5640.832507433102,0.0014067770013225264
5662.586719524282,0.0013847845042698882
5684.340931615461,0.0013963621572428838
5706.095143706641,0.0013708165533666422
5727.84935579782,0.0013711983637927812
5749.603567888999,0.0013827849701012807
5771.357779980179,0.0013775716132952943
5793.111992071358,0.00137632228286292
5814.8662041625375,0.0013606141589109677
5836.620416253717,0.0013578616651316142
5858.374628344896,0.0013724566334092309
5880.128840436076,0.0013730476048487903
5901.883052527255,0.001368955403120204
5923.6372646184345,0.001386778599489118
5945.391476709614,0.0013745297523807913
5967.145688800793,0.0014018111913849168
5988.899900891973,0.001401329178134103
6010.654112983152,0.0013892621555980714
6032.4083250743315,0.0013915993759642175
6054.162537165511,0.001416270679175771
6075.91674925669,0.0014186185253538036
6097.67096134787,0.0014329633490585167
6119.425173439049,0.0014430512860619334
6141.1793855302285,0.0014663204387104479
6162.933597621408,0.0014625057382742126
6184.687809712587,0.0014788953903251574
6206.442021803767,0.0014839063425465908
6228.196233894946,0.001514263005311825
6249.9504459861255,0.001519976004847774
6271.704658077305,0.0015466299557544462
6293.458870168484,0.0015715898304395457
6315.213082259664,0.0015653337031604475
6336.967294350843,0.0015711128761104341
6358.7215064420225,0.001610216003920592
6380.475718533202,0.0016211778149265428
6402.229930624381,0.001647708476172894
6423.984142715561,0.001644746957841844
6445.73835480674,0.0016705488281190705
6467.4925668979195,0.0016960890469833827
6489.246778989099,0.0017206747872102388
6511.000991080278,0.0017283246321906658
6532.755203171458,0.0017819222041416398
6554.509415262636,0.0018001994399515849
6576.2636273538155,0.0018205507000602866
6598.017839444995,0.0018426431487545275
6619.772051536174,0.0018956531886450117
6641.526263627354,0.0018664571449548474
6663.280475718533,0.001919045906955068
6685.0346878097125,0.0019353818737649685
6706.788899900892,0.0019459102853988412
6728.543111992071,0.0019813039797267353
6750.297324083251,0.0020090060809888058
6772.05153617443,0.002030865855529114
6793.8057482656095,0.0020475876139889595
6815.559960356789,0.002081721784999379
6837.314172447968,0.0021126972388226858
6859.068384539148,0.0021554998873525837
6880.822596630327,0.002176503315667587
6902.5768087215065,0.0022116723749481975
6924.331020812686,0.0022563561133513476
6946.085232903865,0.0022877012299026287
6967.839444995045,0.00230043762327019
6989.593657086224,0.0023311593358269185
7011.3478691774035,0.0023647108166437603
7033.102081268583,0.002392036051567994
7054.856293359762,0.0024481362270335366
7076.610505450942,0.0024622922356117684
7098.364717542121,0.0024958551708899298
7120.1189296333005,0.00252657930229332
7141.87314172448,0.0025679471059554555
7163.627353815659,0.0025974420396293737
7185.381565906839,0.0026348765458389127
7207.135777998018,0.0026692617767272286
7228.889990089197,0.0027095403052506896
7250.644202180377,0.0027323405943082938
7272.398414271556,0.0027970287160073992
7294.152626362736,0.002815260829926066
7315.906838453915,0.0028487176173585546
7337.661050545094,0.002918502051803459
7359.415262636274,0.0029200009245075593
7381.169474727453,0.002968170400635381
7402.923686818633,0.0030057090700338915
7424.677898909812,0.003041097615927677
7446.432111000991,0.0030891571626294767
7468.186323092171,0.003129332582293068
7489.94053518335,0.0031497050721948556
7511.69474727453,0.003226468046317521
7533.448959365709,0.0032561586786260892
7555.203171456888,0.003284175924162712
7576.957383548068,0.003329845965927253
7598.711595639247,0.0033778732743917437
7620.465807730427,0.0034299274777420587
7642.220019821606,0.0034304399649020237
7663.974231912785,0.003503551702800174
7685.728444003965,0.0035308945675522514
7707.482656095144,0.0035825457503921706
7729.236868186324,0.0036374938780018586
7750.991080277503,0.003675852767004821
7772.745292368682,0.0037184291495776815
7794.499504459862,0.0037929206642091794
7816.253716551041,0.00382377221506198
7838.007928642221,0.0038497295156549637
7859.7621407334,0.0038919790684956157
7881.516352824579,0.003946359906550085
7903.270564915759,0.003973907518351302
7925.024777006938,0.0040399850067520055
7946.778989098118,0.004090274599948151
7968.533201189297,0.004142558482725017
7990.287413280476,0.004176203870236701
8012.041625371656,0.004240528410936779
8033.795837462835,0.0042981092821608195
8055.550049554015,0.004337047746540151
8077.304261645194,0.004429391299423658
8099.058473736373,0.00442294186455237
8120.812685827553,0.004498274837869402
8142.566897918732,0.004528027597492422
8164.3211100099115,0.00458744294527932
8186.075322101091,0.004658553235926901
8207.829534192271,0.004719271783243046
8229.58374628345,0.004733981863069714
8251.337958374628,0.004816199000434783
8273.092170465809,0.004887166492678657
8294.846382556987,0.004919921512975588
8316.600594648167,0.004984883945549083
8338.354806739346,0.005033528560748712
8360.109018830526,0.005072189010718351
8381.863230921705,0.005153198356898073
8403.617443012885,0.005195325617776234
8425.371655104063,0.005258400642762969
8447.125867195244,0.005326640945392227
8468.880079286422,0.005390913980182766
8490.634291377602,0.005457909377397174
8512.388503468781,0.005507783673924203
8534.142715559961,0.005580450901361019
8555.89692765114,0.005631635445939039
8577.65113974232,0.0056972992543892235
8599.405351833499,0.005743214692331204
8621.159563924679,0.005830697737896641
8642.913776015857,0.005873095833042486
8664.667988107038,0.005952365081235945
8686.422200198216,0.006041513801264465
8708.176412289396,0.006064982463322544
8729.930624380575,0.0061460084541455845
8751.684836471755,0.006218330071588352
8773.439048562934,0.0062643722217317985
8795.193260654114,0.006330419251784829
8816.947472745293,0.0064329165555471034
8838.701684836473,0.0064555634604416216
8860.455896927651,0.0064992017327294895
8882.210109018832,0.006580743728616774
8903.96432111001,0.00661517479152781
8925.71853320119,0.0067137811075138575
8947.472745292369,0.0067900998297676
8969.22695738355,0.006837862490678356
8990.981169474728,0.006942185860772743
9012.735381565908,0.007008782970409414
9034.489593657087,0.007108355145122464
9056.243805748267,0.007180453236347968
9077.998017839445,0.007248517733642444
9099.752229930626,0.007303411582406129
9121.506442021804,0.007397459254489003
9143.260654112984,0.007460265308880107
9165.014866204163,0.007585427595826422
9186.769078295343,0.0076790313371915605
9208.523290386522,0.007739486287673426
9230.277502477702,0.007828077004994586
9252.03171456888,0.007900108928359469
9273.78592666006,0.007996915580996525
9295.54013875124,0.008056315004055204
9317.29435084242,0.008121507845956255
9339.048562933598,0.008194659111167528
9360.802775024777,0.008376052199354658
9382.556987115957,0.0083981253682048
9404.311199207135,0.008521396877604046
9426.065411298316,0.008630906407793796
9447.819623389494,0.008689941450493725
9469.573835480674,0.00877983441899003
9491.328047571853,0.008893654486976769
9513.082259663033,0.008963702611957738
9534.836471754212,0.009001838934742445
9556.590683845392,0.00919859863698955
9578.34489593657,0.009296106959569743
9600.09910802775,0.009423313104793081
9621.85332011893,0.00949127704651234
9643.60753221011,0.009588770505761622
9665.361744301288,0.009674237265038004
9687.115956392468,0.009792678826164063
9708.870168483647,0.009906443111927206
9730.624380574827,0.009995811500965892
9752.378592666006,0.01008090422533862
9774.132804757186,0.010252236243499366
9795.887016848365,0.010327488676000425
9817.641228939545,0.010434393239545555
9839.395441030723,0.01061524959502253
9861.149653121904,0.010587400664135698
9882.903865213082,0.010824528102593895
9904.658077304262,0.010990960128367675
9926.41228939544,0.011022734782018661
9948.166501486621,0.011074258157065916
9969.9207135778,0.011342489273299446
9991.67492566898,0.011282370713233012
10013.429137760158,0.011617860110708856
10035.183349851339,0.011580251909250765
10056.937561942517,0.011815984966723722
10078.691774033698,0.011821471754544018
10100.445986124876,0.0120607771807653
10122.200198216056,0.012192391145635584
10143.954410307235,0.012244278404644678
10165.708622398415,0.012441557962564336
10187.462834489594,0.012569302691892856
10209.217046580774,0.012539373886891364
10230.971258671952,0.012878527012652689
10252.725470763133,0.012983212042662054
10274.479682854311,0.013132564512645084
10296.233894945492,0.013175583009587129
10317.98810703667,0.013433349741488979
10339.74231912785,0.013452546531792781
10361.496531219029,0.013650791009351656
10383.25074331021,0.013851165088526272
10405.004955401388,0.013943920579231831
10426.759167492568,0.014122458491286141
10448.513379583746,0.014211953821562607
10470.267591674927,0.014488605722890315
10492.021803766105,0.01466585421679259
10513.776015857286,0.014717940422079308
10535.530227948464,0.01498387119036923
10557.284440039644,0.015050248035231379
10579.038652130823,0.015262590538163336
10600.792864222003,0.015417252039973921
10622.547076313182,0.015581758939971444
10644.301288404362,0.01579140990165704
10666.05550049554,0.015979521065941495
10687.80971258672,0.01600982832975707
10709.5639246779,0.016326476249718586
10731.31813676908,0.016484831419340266
10753.072348860258,0.016643563313541394
10774.826560951438,0.016835978579287546
10796.580773042617,0.017039860046427522
10818.334985133797,0.017178767734072196
10840.089197224976,0.017381863849548727
10861.843409316156,0.017570584721757924
10883.597621407334,0.017710921082600337
10905.351833498515,0.017938957749179356
10927.106045589693,0.018135010606226538
10948.860257680873,0.018295858090087193
10970.614469772052,0.018532691787616525
10992.368681863232,0.018724032518946686
11014.12289395441,0.018878689047784038
11035.877106045591,0.017997148261977867
11057.63131813677,0.019052012598053808
11079.38553022795,0.01927222443726349
11101.139742319128,0.01944719837558516
11122.893954410309,0.019629270288042396
11144.648166501487,0.019834834332941628
11166.402378592667,0.020031389779905862
11188.156590683846,0.020191682431636274
11209.910802775024,0.020428459028660632
11231.665014866205,0.0206208531535492
11253.419226957383,0.02080821922072951
11275.173439048564,0.021008760166559327
11296.927651139742,0.02114898317310603
11318.681863230922,0.021583662571961253
11340.4360753221,0.021510019908223234
11362.190287413281,0.021728959837458626
11383.94449950446,0.02188384709596962
11405.69871159564,0.02224929898046525
11427.452923686818,0.022171005752689706
11449.207135777999,0.022413221626800664
11470.961347869177,0.022475459315045153
11492.715559960357,0.02266029818057035
11514.469772051536,0.02280188769740317
11536.223984142716,0.02305210039966044
11557.978196233895,0.02288691950087827
11579.732408325075,0.023419529479488884
11601.486620416254,0.023591697943918428
11623.240832507434,0.023479202215262875
11644.995044598612,0.02412030770071663
11666.749256689793,0.024326735043157455
11688.503468780971,0.024012480177839794
11710.257680872151,0.02411746107248673
11732.01189296333,0.023996421039487743
11753.76610505451,0.02431189629274689
11775.520317145689,0.024505433033366497
11797.274529236869,0.024473326231290855
11819.028741328048,0.02439777251547585
11840.782953419228,0.025137940889136266
11862.537165510406,0.025493093947889574
11884.291377601587,0.024836490910671336
11906.045589692765,0.024812098976031552
11927.799801783945,0.025600182477476228
11949.554013875124,0.024996327888070803
11971.308225966304,0.025016745639268912
11993.062438057483,0.02449953287597837
12014.816650148663,0.025642928481652404
12036.570862239842,0.024588823360709493
12058.325074331022,0.025667558749673972
12080.0792864222,0.02571228321144157
12101.83349851338,0.025702675591388943
12123.58771060456,0.02533396228135607
12145.34192269574,0.025212595150711895
12167.096134786918,0.025124792980043636
12188.850346878098,0.02506920974421621
12210.604558969277,0.0251402431216784
12232.358771060457,0.024916567162587965
12254.112983151635,0.025010402182454122
12275.867195242816,0.025024240065102097
12297.621407333994,0.024532097528617913
12319.375619425175,0.025263959618720046
12341.129831516353,0.024983344313668977
12362.884043607533,0.02504326585016643
12384.638255698712,0.02519364233280774
12406.392467789892,0.02496246831911566
12428.14667988107,0.024969334909656145
12449.900891972251,0.024656242864302257
12471.65510406343,0.02506195012886212
12493.40931615461,0.024755693693017815
12515.163528245788,0.025087145271484458
12536.917740336969,0.024745046601888167
12558.671952428147,0.024976375182673746
12580.426164519327,0.024769343446563133
12602.180376610506,0.024697076015909352
12623.934588701686,0.024951706462427156
12645.688800792865,0.024746739067547808
12667.443012884045,0.024825220734936013
12689.197224975223,0.024739864968322544
12710.951437066404,0.024620326390484528
12732.705649157582,0.024748332855968076
12754.459861248763,0.024882113180053254
12776.214073339941,0.024874441747093783
12797.968285431121,0.024823810195284124
12819.7224975223,0.024776622154508512
12841.47670961348,0.02491427417900038
12863.230921704659,0.024863255179669457
12884.985133795839,0.02484872231489241
12906.739345887017,0.025021736744586413
12928.493557978198,0.024944003347457198
12950.247770069376,0.025036217964369938
12972.001982160557,0.02493616620577542
12993.756194251735,0.02501093066123186
13015.510406342915,0.025133090152176137
13037.264618434094,0.025132140100734755
13059.018830525272,0.02520596173702091
13080.773042616453,0.02514720889016481
13102.527254707631,0.02519242398092355
13124.281466798811,0.025212499000917245
13146.03567888999,0.025235220626257264
13167.78989098117,0.025280611287360536
13189.544103072349,0.025324489259472716
13211.298315163529,0.025293935940179972
13233.052527254707,0.02493588850525878
13254.806739345888,0.024889051775120602
13276.560951437066,0.02511645403296015
13298.315163528247,0.02519901456597049
13320.069375619425,0.025293754994624287
13341.823587710605,0.025420396292390606
13363.577799801784,0.025349181424187982
13385.332011892964,0.025340266566390435
13407.086223984143,0.025372745300023824
13428.840436075323,0.02533676010397969
13450.594648166501,0.02529617241786915
13472.348860257682,0.02530985786500353
13494.10307234886,0.025276988940614267
13515.85728444004,0.02529260876217645
13537.611496531219,0.025208065306246513
13559.3657086224,0.025164985561664247
13581.119920713578,0.025174819089829305
13602.874132804758,0.025082215338558134
13624.628344895937,0.02503294371681385
13646.382556987117,0.025043323463258327
13668.136769078295,0.02492062647844097
13689.890981169476,0.02482608733739044
13711.645193260654,0.024774061392565452
13733.399405351835,0.024645682198538327
13755.153617443013,0.024597689870072287
13776.907829534193,0.024488395970616878
13798.662041625372,0.024350105289661503
13820.416253716552,0.024272776373228198
13842.17046580773,0.02417440480634816
13863.92467789891,0.0240028367454749
13885.67888999009,0.02394549001928641
13907.43310208127,0.023762668058314857
13929.187314172448,0.02379759842227566
13950.941526263628,0.023787041733736566
13972.695738354807,0.023759286405419775
13994.449950445987,0.02367520670739265
14016.204162537166,0.023486628821108427
14037.958374628346,0.023399777081972595
14059.712586719525,0.023214346004185128
14081.466798810705,0.023097421558672754
14103.221010901883,0.02294754947700623
14124.975222993064,0.022821952096623153
14146.729435084242,0.022626061186331353
14168.483647175422,0.02240056944147976
14190.237859266601,0.022339381787132115
14211.992071357781,0.022114880640566797
14233.74628344896,0.021924376708082834
14255.50049554014,0.021765249432118394
14277.254707631319,0.021588692002969263
14299.008919722499,0.02138111502147112
14320.763131813677,0.021232589144383876
14342.517343904858,0.02107788500509719
14364.271555996036,0.020929485840226105
14386.025768087216,0.020761733675652136
14407.779980178395,0.020636204769321806
14429.534192269575,0.02045975193050864
14451.288404360754,0.020334264259894038
14473.042616451934,0.020207813504636515
14494.796828543112,0.020034048006593672
14516.551040634293,0.019913048070243893
14538.305252725471,0.019785840325877345
14560.059464816652,0.019629255828378035
14581.81367690783,0.019515248230781924
14603.56788899901,0.01934891165325453
14625.322101090189,0.01919828142266867
14647.07631318137,0.0191036298125864
14668.830525272548,0.018967328424460334
14690.584737363728,0.01886983088561172
14712.338949454906,0.018700641744689942
14734.093161546087,0.018617179615634215
14755.847373637265,0.018468399363983874
14777.601585728446,0.0183846474261434
14799.355797819624,0.018253852990284543
14821.110009910804,0.018155010560403122
14842.864222001983,0.01802474212013531
14864.618434093163,0.01792562794107615
14886.372646184342,0.01779797698439348
14908.12685827552,0.017639394266263368
14929.8810703667,0.017598765129253385
14951.635282457879,0.017478877440170865
14973.38949454906,0.0174082285606379
14995.143706640238,0.01727251724603432
15016.897918731418,0.017203810891666182
15038.652130822597,0.017063982218633637
15060.406342913777,0.01697694896670721
15082.160555004955,0.0169057830049402
15103.914767096136,0.01679556070890058
15125.668979187314,0.016669897847879124
15147.423191278494,0.01662097066985975
15169.177403369673,0.016530609161295236
15190.931615460853,0.01641445495226878
15212.685827552032,0.016364684453709123
15234.440039643212,0.016274574833092414
15256.19425173439,0.016186628555080518
15277.94846382557,0.016108286894825935
15299.70267591675,0.016030875944262214
15321.45688800793,0.015936769884874444
15343.211100099108,0.015864716255078026
15364.965312190288,0.01581188231257572
15386.719524281467,0.015738143901349613
15408.473736372647,0.015648992249442772
15430.227948463826,0.01567304577805348
15451.982160555006,0.015621092794249735
15473.736372646184,0.015521555276091793
15495.490584737365,0.015454019890461447
15517.244796828543,0.01537437231888294
15538.999008919724,0.015331621004329223
15560.753221010902,0.01526261871573984
15582.507433102082,0.015201912942574102
15604.26164519326,0.015173630675290603
15626.015857284441,0.015070063276661482
15647.77006937562,0.01501224144374267
15669.5242814668,0.01495364343591086
15691.278493557978,0.014917558162643778
15713.032705649159,0.014821020388004733
15734.786917740337,0.014789019520885521
15756.541129831518,0.014744343437053716
15778.295341922696,0.014687541502491491
15800.049554013876,0.014620401428691381
15821.803766105055,0.014571902189303392
15843.557978196235,0.014523224807015038
15865.312190287414,0.014500473674746009
15887.066402378594,0.014439953275293172
15908.820614469772,0.01438800138228034
15930.574826560953,0.014378295495194867
15952.329038652131,0.014347112966467504
15974.083250743312,0.014290746397400102
15995.83746283449,0.014249316416859443
16017.59167492567,0.014203844869277931
16039.345887016849,0.014187849625237645
16061.10009910803,0.0141493611678997
16082.854311199208,0.014114295326723082
16104.608523290388,0.014092857985603701
16126.362735381566,0.014071067330164297
16148.116947472747,0.014049123225411185
16169.871159563925,0.013999080548911061
16191.625371655105,0.014040435628688164
16213.379583746284,0.0139763997059711
16235.133795837464,0.013992858322037746
16256.888007928643,0.013965210809973224
16278.642220019823,0.013923755342047347
16300.396432111002,0.013906911245159508
16322.150644202182,0.013903907616958982
16343.90485629336,0.01386131266574638
16365.65906838454,0.013842392691496726
16387.413280475717,0.0137943642942128
16409.1674925669,0.013780777665597396
16430.921704658078,0.013784793660632356
16452.675916749256,0.013779766812242251
16474.43012884044,0.013747849279008153
16496.184340931617,0.013725548261088953
16517.938553022796,0.01370539323238487
16539.692765113974,0.01369282432225821
16561.446977205156,0.01365801678726703
16583.201189296335,0.01365879032045243
16604.955401387513,0.01361624883323175
16626.70961347869,0.013619354387862628
16648.463825569874,0.013571346299094464
16670.218037661052,0.013585552956655169
16691.97224975223,0.013548825151060515
16713.72646184341,0.013538981857244841
16735.48067393459,0.013514359363207603
16757.23488602577,0.013496969171394074
16778.98909811695,0.013481525698319794
16800.743310208127,0.013463772781486546
16822.497522299305,0.013440206263751238
16844.251734390487,0.01345007619521871
16866.005946481666,0.013421934036173252
16887.760158572844,0.013387590239770151
16909.514370664023,0.013377900147322149
16931.268582755205,0.013349265287716924
16953.022794846383,0.013337785924970643
16974.777006937562,0.013306139373414816
16996.53121902874,0.013318541576077916
17018.285431119923,0.0132780823448196
17040.0396432111,0.013249862645753351
17061.79385530228,0.013228071075206467
17083.548067393458,0.013214908260188757
17105.30227948464,0.013190939967244525
17127.05649157582,0.013173604938637336
17148.810703666997,0.013159287612504449
17170.564915758176,0.013110243942300273
17192.319127849358,0.013085389556367552
17214.073339940536,0.013066260251793702
17235.827552031715,0.013049346145887654
17257.581764122893,0.013034409993117831
17279.335976214075,0.0130027853249002
17301.090188305254,0.01298517274969209
17322.844400396432,0.012964244801909367
17344.59861248761,0.012919151311083558
17366.352824578793,0.012894020151605783
17388.10703666997,0.012863601244562154
17409.86124876115,0.012864378982878458
17431.61546085233,0.012829120731653982
17453.36967294351,0.012786003300507356
17475.12388503469,0.01276560698364829
17496.878097125867,0.012747641723425435
17518.632309217046,0.012703197721116758
17540.386521308228,0.012683498506434649
17562.140733399407,0.01265829403290242
17583.894945490585,0.012651975012394744
17605.649157581764,0.01260892029179414
17627.403369672946,0.012628257062990441
17649.157581764124,0.012595254817036612
17670.911793855303,0.012573333442286496
17692.66600594648,0.012542743873163639
17714.420218037663,0.012501188227721914
17736.17443012884,0.012472906352895182
17757.92864222002,0.012439208831804738
17779.6828543112,0.012427372998800994
17801.43706640238,0.01241236816087297
17823.19127849356,0.012360738338188218
17844.945490584738,0.012336096248846715
17866.699702675916,0.012302303983102393
17888.4539147671,0.012272002894928684
17910.208126858277,0.012240126859143413
17931.962338949455,0.0122267119608746
17953.716551040634,0.0121871673423618
17975.470763131816,0.012165902139554017
17997.224975222995,0.012115669524581214
18018.979187314173,0.012109238403598345
18040.73339940535,0.012055052489139522
18062.487611496534,0.012034745025263891
18084.241823587712,0.012005429795837717
18105.99603567889,0.011979326860634907
18127.75024777007,0.011935775079267286
18149.50445986125,0.011921923471448095
18171.25867195243,0.01188555490867368
18193.01288404361,0.011806162787401375
18214.767096134787,0.011662917866136801
18236.52130822597,0.011557910793666519
18258.275520317147,0.011466275621601376
18280.029732408326,0.011403217501619269
18301.783944499504,0.011396560051571088
18323.538156590686,0.011345775172487116
18345.292368681865,0.011322442104344141
18367.046580773043,0.011274399879418504
18388.800792864222,0.011225728126236532
18410.555004955404,0.01124570071133791
18432.309217046582,0.011219852169749564
18454.06342913776,0.011215616861956592
18475.81764122894,0.011248709060869963
18497.57185332012,0.011220723033685306
18519.3260654113,0.011220895357128904
18541.08027750248,0.01120381987234537
18562.834489593657,0.011194486854955433
18584.58870168484,0.011193806626449556
18606.342913776018,0.01115789306184716
18628.097125867196,0.011161767961966286
18649.851337958375,0.011134185123061724
18671.605550049553,0.01111951419487893
18693.359762140735,0.01109821081016323
18715.113974231914,0.01108376802700007
18736.868186323092,0.011055894069017531
18758.62239841427,0.01103537642032065
18780.376610505453,0.011014255525678437
18802.13082259663,0.010976901193689319
18823.88503468781,0.010970599830235583
18845.63924677899,0.01092842930384829
18867.39345887017,0.010931453699208445
18889.14767096135,0.010893904191859639
18910.901883052527,0.010876131065992263
18932.656095143706,0.01085186347108007
18954.410307234888,0.010835459066538206
18976.164519326067,0.010805202521420133
18997.918731417245,0.010759065762866634
19019.672943508423,0.010760276328779109
19041.427155599606,0.010752783998332014
19063.181367690784,0.010704722977605727
19084.935579781963,0.01068596233645136
19106.68979187314,0.01067118754413233
19128.444003964323,0.010656969876888741
19150.1982160555,0.010633124167776137
19171.95242814668,0.010615323868831558
19193.70664023786,0.010587745255927204
19215.46085232904,0.010562038771656587
19237.21506442022,0.010534277713802546
19258.969276511398,0.010527198479034201
19280.723488602576,0.010494101624238732
19302.47770069376,0.010475340487258684
19324.231912784937,0.010451362457916863
19345.986124876115,0.010423770501652893
19367.740336967294,0.010402054478287306
19389.494549058476,0.010385785622117616
19411.248761149654,0.010347972435497932
19433.002973240833,0.010327919741897543
19454.75718533201,0.010310258167939056
19476.511397423194,0.01031345953976865
19498.265609514372,0.010272386493157712
19520.01982160555,0.010255410368823279
19541.77403369673,0.010213325506929318
19563.52824578791,0.010208865824133698
19585.28245787909,0.010192184605607033
19607.036669970268,0.01017234419643088
19628.790882061447,0.010138577373580674
19650.54509415263,0.010105050138409804
19672.299306243807,0.010111957368307384
19694.053518334986,0.010097830319534687
19715.807730426164,0.010083992242703134
19737.561942517346,0.010049994674777345
19759.316154608525,0.010009434936564601
19781.070366699703,0.010009977425062107
19802.82457879088,0.009983175618042989
19824.578790882064,0.00999131685423428
19846.333002973242,0.009957312939388015
19868.08721506442,0.009954669798160258
19889.8414271556,0.009922480607557014
19911.59563924678,0.009905159663272722
19933.34985133796,0.009870905058532626
19955.10406342914,0.009875416504026653
19976.858275520317,0.009831371769602044
19998.6124876115,0.009818308230320384
20020.366699702678,0.009812923496432344
20042.120911793856,0.009791108233997314
20063.875123885035,0.009758945550588188
20085.629335976217,0.009749934166915077
20107.383548067395,0.009735225033595987
20129.137760158574,0.009710362291469562
20150.891972249752,0.009700330368393233
20172.646184340934,0.009669892573822784
20194.400396432113,0.009648739013110677
20216.15460852329,0.009634616356725887
20237.90882061447,0.00961455254265491
20259.663032705652,0.009580271093139902
20281.41724479683,0.009577496247694384
20303.17145688801,0.009555525266509476
20324.925668979187,0.009544109085735348
20346.67988107037,0.009506639584821232
20368.434093161548,0.009503796144975438
20390.188305252726,0.009477490240866778
20411.942517343905,0.009450373325883903
20433.696729435087,0.009443624825582442
20455.450941526266,0.009442046403602241
20477.205153617444,0.009420423804281524
20498.959365708622,0.00939869569149092
20520.7135777998,0.00938453560662993
20542.467789890983,0.00935971501087362
20564.22200198216,0.00935204140753349
20585.97621407334,0.009315352493878265
20607.73042616452,0.009316413087726521
20629.4846382557,0.00930528874866546
20651.23885034688,0.009278101405520529
20672.993062438058,0.009254461241092861
20694.747274529236,0.009242148880291044
20716.50148662042,0.009239076023907423
20738.255698711597,0.009212607235446434
20760.009910802775,0.009194368695577201
20781.764122893954,0.009183849580135446
20803.518334985136,0.009174347513128766
20825.272547076314,0.009138303137727321
20847.026759167493,0.009141269319397882
20868.78097125867,0.009127188223013975
20890.535183349853,0.00909995964124501
20912.289395441032,0.00909832683446984
20934.04360753221,0.009086306280329592
20955.79781962339,0.009068804519074937
20977.55203171457,0.009040283558357337
20999.30624380575,0.009023790066509304
21021.060455896928,0.009009290022819779
21042.814667988107,0.008998725099043418
21064.56888007929,0.008996340020166645
21086.323092170467,0.00897029023588206
21108.077304261646,0.008977982091435023
21129.831516352824,0.008948040178181812
21151.585728444006,0.008911724622451593
21173.339940535185,0.008916732789779561
21195.094152626363,0.008904754894232406
21216.84836471754,0.00888713684191174
21238.602576808724,0.008883428862116025
21260.356788899902,0.00886405008443392
21282.11100099108,0.008839191476106963
21303.86521308226,0.008838116403010372
21325.61942517344,0.008819570455777368
21347.37363726462,0.008811258075951527
21369.1278493558,0.00878649928075596
21390.882061446977,0.008786324544792834
21412.63627353816,0.008777745605765127
21434.390485629337,0.008753821565172836
21456.144697720516,0.008731343635501926
21477.898909811694,0.008736435659064285
21499.653121902877,0.00872467028249492
21521.407333994055,0.008698662946127065
21543.161546085234,0.008690665150930624
21564.915758176412,0.008698520147512738
21586.669970267594,0.008685156504042111
21608.424182358773,0.008638968927462583
21630.17839444995,0.008632349368923908
21651.93260654113,0.008623724205493413
21673.68681863231,0.008613978421046223
21695.44103072349,0.008610899427038967
21717.19524281467,0.008604179050407655
21738.949454905847,0.008569905217413434
21760.70366699703,0.008580016752321
21782.457879088208,0.008557715343386516
21804.212091179386,0.008554040711936611
21825.966303270565,0.008535944567774149
21847.720515361747,0.008524756057303752
21869.474727452925,0.00850679231579154
21891.228939544104,0.008499926588531515
21912.983151635282,0.008495875608522585
21934.737363726465,0.008487258357616845
21956.491575817643,0.008474015341990184
21978.24578790882,0.008445024376060794
22000.0,0.008446300730937776
